4390973 
6424912 
0 
6419736 
72 
1 one
2 two
6419772 
255 
2147156514 
16872521 
255 
1994681308 
1994681358 
524295 
1441813 
2359331 
3276849 
4194367 
5111885 
6029403 
4849737 
5767255 
538976294 
538779676 
10616993 
11534511 
12452029 
13369547 
14287065 
13107399 
14024917 
1994681115 
655369 
1572887 
2490405 
2008248914 
4325441 
5242959 
655612 
0 
655360 
46538785 
6420796 
6420748 
0 
3 
2008260421 
257681937 
655612 
0 
655360 
2008240394 
1342177617 
6421028 
16842752 
127 
127 
16870976 
0 